0.03361592
0
0.001030373
0.047966576
0.0012879663
0
0
0
0.002386127
0
0
0.010846032
0
0
0
0.00041350497
0.0076193375
0
0.0036130844
0
0
0.0075651073
0.0022573304
0
0.0076057799
0.0067516549
0.00093547026
0
0.0019861796
0.0006100893
0.0042706251
0
0.006866894
0
0.00073888593
0
0.020553231
0
0
0
0
0.001091382
0.0013625328
0
0
0
0.0049552809
0
0.0046366787
0
0.0017421439
0.027481134
0
0.0104732
0.013577876
0.017916289
0.033466787
0
0.0058839724
0.00080667363
0
0.00022369941
0
0.0018234891
0
0.73945535
0
0
0.0035114029
0
0
0.00051518652
0.0022505516
0.0026776141
0.032910928
0.00037283235
0
0
0
0.0013150814
0
0.031656856
0
0.0015930109
0.039520229
0
0.0011862847
0.019427955
0.0011659484
0
0
0
0
0.00050840775
0.0017014713
0.0052399892
0
0.00087446133
0.00072532839
0
0.0013760903
0.0036469783
0
0.00507052
0.025562742
0.0037622173
0
0.00092191272
0.00048807144
0
0
0
0.029060587
0
0.10498959
0
0.0020946399
0
0.00048129267
0.00035249604
0
0.001443878
0.0088462948
0
0.0043587491
0
0.0048874932
0.0048739356
0.0014777719
0
0
0.0024606935
0.00031860219
0.01642496
0.0007456647
0.0022708879
0
0
0
0.0035452967
0.00046095636
0.00016269048
0
0.0015523383
0
0
0
0.005423016
0
0.0017285863
0.0067923275
0.14430646
0.010398633
0
0.029365632
0.0014709931
0.015869101
0.0014032054
0.023291854
0.0047722541
0
0.025095007
0
0.0088530736
0.0074973196
0.00075922224
0.020458328
0.0029894376
0
0.0021624276
0
0
0.0010574881
0
0.0039316866
0
0
0
0.010601996
0.0047586965
0
0
0.0040943771
0.024322227
0
0.0062839198
0.0014506568
0.00096936411
0.0046298999
0
0
0
0.04833263
0
0
0
0.003125013
0.0023725695
0
0.058602467
0
0
0
0.0014506568
0.0017150288
0
0
0.0011049395
0.0013150814
0.0036876509
0.00053552283
0.00065076192
0.13318927
0
0.0044333156
0
0
0
0
0.0066228583
0.019109353
0.0070092482
0
0.0010710457
0.0028809772
0
0.0011930635
0
0
0
0.0029962163
0.0055043612
0
0
0
0.11837766
0.0050162898
0
0
0.071624484
0.0013150814
0
0.0055314763
0
0
0.12592243
0.00024403572
0.0006100893
0
0
0.00014235417
0
0.0063788226
0.047668311
0.004480767
0
0
0.0056331579
0
0
0.0072736202
0.001857383
0.0043248553
0
0
0.0011117183
0
0.0041350497
0
0
0
0.0011049395
0
0
0
0
0.070085703
0
0.016791013
0.0020810824
0
0
0.0043655279
0
0.021739515
0
0.02667446
0.00046095636
0
0.0044536519
0
0
0
0.0011117183
0
0.021597161
0
0.00085412502
0.017624802
0.0085683653
0
0
0
0
0
0.0010574881
0.0018641617
0.0073346291
0
0.0059043087
0
0.00029148711
0
0.0060873355
0
0
0.0030707828
0
0.00035249604
0
0
0.0033554911
0
0.0096868623
0.0082565419
0.0014777719
0
0
0
0.00098970042
0.0052874406
0.0021556489
0.00027792957
0
0
0
0
0.0065821857
0.011659484
0
0
0.00098970042
0
0
0
0.012405149
0.0029826588
6.100893e-05
0.0020675248
0
0
0
0
0.001945507
0
0
0.00036605358
0.0068330002
0.0039520229
0
0
0.00099647919
0.0067855488
0.0058229634
0
0
0.0018777193
0
0.0078159218
0.019983814
0
0.0039723592
0.0047180239
0
0
0.0014981082
0.016668995
0
0
0
0
0
0.00011523909
0.0022369941
0.0074091956
0.0099512343
0.0031317917
